14668
11679
10159
7994
7992
7961
7893
7841
7772
7753
7628
7627
7511
7442
7365
7288
7242
7122
7023
6861
6775
6708
6581
6537
6381
6292
6139
6025
5773
5749
5673
5536
5476
5314
5221
5154
5120
5101
5027
4983
4942
4853
4800
4661
4552
4461
4351
4294
4152
4110
4054
4037
4000
3920
3841
3789
3788
3764
3598
3533
3472
3311
3304
3197
3126
3034
3026
2959
2815
2644
2489
2436
2367
2322
2296
2116
2050
2030
2005
1934
1870
1803
1711
1567
1505
1452
1259
1173
1121
1095
1005
938
837
716
655
417
331
193
6820
8027
7761
7604
7028
6969
6623
6386
6345
6280
6252
6187
6144
5869
5658
5615
5503
5274
5190
5174
5119
4935
4874
4771
4540
4482
4283
4021
3927
3877
3416
3328
3270
3004
2862
2797
2485
2417
2229
2103
1979
1688
1370
1176
1084
924
822
613
557
494
358
273
194
1265