10051
10342
10364
10454
10459
10512
10648
10921
11179
11245
11289
11296
11297
11686
11830
11934
11940
11944
12161
12431
12507
12587
12629
12739
12745
13098
13250
13253
13308
13583
13864
13985
14036
14131
14404
14413
14502
14654
14796
14841
3479
8246
8326
8564
8572
8707
8938
8998
9008
9013
9076
9618
9670
9694
10275
10673
11172
11952
12426
12625
12934
13048
13594
7713
8487
8819
9014
9570
9702
163
1941
2151
2562
2644
2707
2987
3616
4027
4607
4611
4907
4931
5321
5363
5415
6119
6289
6706
6778
6974
7745
7915
948
993
2254
3561
5274
6324
6408
3694
6206
3438
4084
4203
10642
12181
12213
12427
14084
14368
14655
14863
8177
8991
9599
10926
11494
11828
12457
12711
12762
14609
14673
14683
14687
14692
14698
14699
14730
14741
14878
14893
1584
181
8439
8811
9476
2205
2976
4146
6631
2048
11275
11283
11286
11293
11312
11322
11364
11415
13026
13432
14171
3671
5980
7290
10645
11288
11379
11440
1263
274
3083
3119
6831
8250
257
3612
14983
1260
10272
11452
646
10816
8817
601
5362
11773
11775
11792
11793
11801
8806
13677
606
650
11644
11655
11679
562
10850
9012
616
615
14238
13850
3614
7453
12622
14297
8814
8616
8655
13143
14059
