14229
9262
2201
14986
14809
14750
14608
14506
14317
14237
14216
14044
13864
13806
13642
13596
13310
13207
13042
12985
12936
12867
12532
12154
11827
11787
11574
11469
11408
11050
11000
10960
10919
10771
10747
10543
10453
10297
10219
10163
10060
9868
9636
9590
9528
9489
9428
9010
8884
8574
8213
7713
6656
11713
14863
14789
14504
14257
14213
14053
13259
13053
12345
10537
10460
10388
10055
9579
9432
9276
9250
8563
8388
14218
14160
13616
11684
9702
6053
3055
3033
2587
907
840
7853
1012
14686
8151
8099
8046
8017
7990
7976
7958
7920
7849
7737
7709
7632
7555
7513
7485
7474
7417
7371
7307
7244
7127
7025
6873
6833
6782
6728
6666
6535
6413
6306
6287
6142
6051
5982
5906
5776
5745
5717
5708
5672
5662
5639
5603
5489
5315
5220
5173
5069
4943
4877
4795
4623
4542
4466
4408
4353
4284
4201
4126
4030
3955
3865
3759
3755
3734
3715
3676
3616
3555
3482
3420
3365
3302
3251
3196
3123
3031
2986
2926
2874
2819
2763
2642
2564
2530
2434
2295
2200
2087
2019
1953
1901
1866
1840
1585
1501
1453
1388
1187
1020
944
883
846
723
501
438
348
202
126
64
14
14791
14719
14513
14284
13823
13781
13750
13264
13138
12921
12856
12366
12270
11088
10931
10744
10599
10458
10341
10319
10286
10231
10047
9597
9529
9482
9418
9112
9056
8971
8927
8618
8171
7985
7947
7914
7773
7348
7125
6742
6430
6146
6059
5973
5705
5600
5169
4940
4402
4028
3868
3481
3361
2931
2828
2768
2562
2302
2219
1847
1708
1018
719
364
14803
14423
13722
12524
12299
11132
8323
5488
3873