12885
11305
11280
9794
4505
4203
1867
1374
14983
14960
14886
14673
14158
13836
13691
13465
13432
13366
13137
12337
12046
11962
11585
11405
11129
10859
10651
10434
10370
10098
8920
8197
8131
5981
4118
3677
2375
277
14890
13594
12563
11651
14171
11258
8761
14836
12376
12022
11837
11766
11425
11286
13995
14866
13609
3128
6055
4121
3127
2374
14176
11903
11558
11111
10840
10645
8775
3069
13568
14850
13837
13321
13102
11663
11590
10808
10084
9746
9522
9223
8797
8192
10050
13026
11701
11233
5980
11539
11329
3671
11536
11415
11265
14896
1528
7370
6049
5709
4146
3692
11775