10003
10004
10009
10010
10011
10012
10013
10015
10016
10017
10018
10019
10020
10021
10022
10023
10030
10031
10032
10038
10040
10043
10044
10045
10047
10050
10051
10052
10054
10055
10056
10057
10058
10059
1005
10060
10061
10073
10075
10078
10084
10088
10089
1008
10092
10095
10096
10097
10098
10099
10100
10102
10118
1011
10121
10123
10125
10126
1012
10130
10133
10136
10137
10139
1013
10140
10141
10147
10148
10150
10151
10152
10153
10154
10155
10156
10157
10159
10160
10161
10162
10163
10164
10165
10166
10167
10169
1016
10172
10173
10180
10185
1018
10190
10191
10196
10197
1019
10200
10202
10205
10206
10208
10209
1020
10210
10212
10213
10214
10215
10216
10217
10219
1021
10222
10229
1022
10231
10232
10235
10236
10237
10238
1023
10240
10241
10242
10245
10246
10247
10248
1024
10251
10254
10256
1025
10261
10263
10264
10270
10272
10273
10275
10278
10281
10282
10285
10286
10287
10288
1028
10291
10295
10296
10297
10300
10303
10304
10307
10310
10311
10312
10313
10315
10317
10319
10320
10323
10324
10325
10328
1032
10333
10336
10337
10338
10340
10341
10342
10345
10346
10348
10349
10350
10356
10357
10364
10367
10369
10370
10372
10373
10376
10377
1037
10382
10384
10385
10386
10388
10393
10397
10401
10403
10404
10407
10409
10411
10413
10415
10425
10430
10431
10432
10434
10436
10443
10446
10447
10448
10450
10451
10452
10453
10454
10457
10458
10459
10460
10461
10462
10463
10464
10465
10467
10475
1047
10483
10486
10488
10489
10494
10495
10497
10498
10502
10504
10505
10507
10509
10510
10511
10512
10513
10514
10516
10517
10519
10525
10530
10533
10534
10535
10536
10537
10538
10539
10540
10543
10547
10556
10559
10560
10561
10562
10563
10565
10566
10567
10568
10570
10573
10578
10580
10581
10585
10590
10591
10593
10596
10598
10599
10600
10602
10607
10612
10615
10616
10618
10627
10633
10634
10635
10636
10638
10639
10642
10644
10645
10648
10651
10652
10653
10654
10657
10659
10660
10661
10662
10664
10665
10666
10667
10668
10669
10670
10672
10673
10674
10675
10678
10685
10686
10688
10693
10694
10696
1069
106
10700
10702
10709
10712
10717
10718
10719
10723
10724
10730
10731
10736
10737
10739
10740
10741
10743
10744
10746
10747
10750
10751
10752
10753
10755
10756
10757
10760
10765
10766
10768
10770
10771
10773
10774
10776
10777
10781
10788
10789
10791
10792
10793
10796
10797
10799
10804
10807
10808
1080
10810
10816
10818
10822
10823
10825
10827
10828
10829
10831
10833
10834
10835
10836
10838
10839
10840
10843
10845
10846
1084
10850
10851
10853
10854
10858
10859
10860
10861
10862
10863
10864
10865
10866
10869
1086
10872
10883
10884
10885
1088
10899
10903
10906
10907
10908
10909
10914
10915
10916
10917
10919
10921
10922
10925
10926
10929
10931
10932
10935
10936
10937
10938
10939
10940
10941
10946
10949
1094
10951
10958
1095
10960
10962
10963
10965
10966
10967
10969
10970
10972
10973
10974
10975
10980
10991
10992
10998
10999
11000
11001
11002
11003
11005
11008
11012
11013
11016
11017
11018
1101
11020
11024
11025
11027
11029
11030
11031
11033
11035
11038
11039
11040
11042
11045
11049
11050
11055
11061
11062
11063
11065
11066
11067
11068
11069
11070
11071
11072
11074
11076
11077
11078
11079
11080
11082
11083
11084
11085
11086
11087
11088
11089
11092
11093
11095
11097
11098
11099
110
11100
11102
11104
11111
11113
11120
11123
11126
11129
11132
11133
11134
11137
11138
1113
11143
11144
11147
11148
11151
11152
11153
11156
11157
11158
11160
11161
11162
11163
11164
11165
11167
11169
11172
11173
11175
11177
11178
11179
11180
11181
11182
11183
11184
11185
11186
11187
11193
11196
111
11200
11201
11202
11204
11207
11214
11219
1121
11223
11226
11228
11233
11234
11235
11236
11238
11239
11240
11241
11243
11245
11247
11258
11260
11261
11264
11265
11267
11268
11269
11270
11272
11274
11275
11276
11277
11280
11282
11283
11284
11285
11286
11287
11288
11289
11292
11293
11295
11296
11297
11300
11301
11302
11303
11305
11306
11308
11312
11313
11316
11320
11321
11322
11329
11338
11340
11341
11342
11344
11345
11349
11351
11352
11354
11364
11365
11366
11367
11369
11371
11372
11374
11375
11378
11379
11384
11386
11387
11388
11389
11391
11392
11394
11398
11401
11402
11405
11408
11410
11413
11415
11418
1141
11424
11425
11428
11440
11443
11446
11447
11450
11451
11452
11454
11456
11458
11459
11460
11463
11466
11467
11469
11470
11474
11478
11479
11480
11484
11485
11486
11487
11489
11491
11492
11493
11494
11495
11496
11497
11504
11509
11511
11512
11513
1151
11529
11532
11535
11536
11538
11539
11540
11545
11548
11549
11550
11552
11555
11558
11561
11562
11563
11565
11570
11571
11574
11575
11576
11577
11578
11579
1157
11580
11581
11584
11585
11586
11587
11588
11589
1158
11590
11591
11592
11593
11594
11595
11597
11598
11599
11601
11604
11605
11606
11607
11614
11619
11621
11622
11623
11624
11628
1162
11640
11644
11645
11646
11648
11651
11652
11654
11655
11656
11660
11662
11663
11664
11667
11669
1166
11670
11671
11672
11673
11676
11677
11678
11679
1167
11682
11683
11684
11685
11686
11687
11688
11689
11691
11693
11694
11695
11696
11697
11699
11700
11701
11703
11706
11707
1170
11710
11711
11713
11721
11738
1173
11742
11743
1174
11751
11753
11758
11759
1175
11761
11763
11764
11765
11766
1176
11772
11773
11774
11775
11777
11779
1177
11783
11784
11787
1178
11790
11792
11793
11795
11798
1179
11800
11801
11803
11804
11805
1180
11815
11817
11823
11826
11827
11828
11830
11832
11836
11837
11839
11840
11841
11842
11843
11855
11856
11858
11859
11860
11861
11863
11864
11865
11866
11867
11869
11870
11871
11872
11873
11876
1187
11881
11886
11889
11891
11893
11903
11910
11911
11912
11913
11914
11915
11916
11921
11924
11925
11928
11929
11934
11936
11938
11939
11940
11941
11943
11944
11947
11948
11952
11955
11958
11960
11962
11963
11964
11965
11966
11969
11971
11972
11973
11974
11976
11977
11978
11979
11980
11983
11989
11997
12005
12010
12012
12013
12014
12018
12022
12036
12037
12038
12039
12043
12044
12046
12050
12051
12052
12057
12059
12060
12062
12063
12064
12065
12068
12069
12070
12071
12072
12073
12075
12077
12078
1207
12080
12083
12084
12085
12086
12087
12088
12089
12090
12091
12093
12094
12096
1209
12104
12109
12112
12115
12118
12119
12120
12121
12125
12132
12135
12138
12146
12149
1214
12150
12153
12154
12155
12156
12157
12158
12159
12160
12161
12163
12164
12165
12166
12168
12169
12173
12175
12176
12178
12181
12183
12186
12188
12190
12191
12193
12198
12200
12201
12202
12203
12204
12206
12207
12208
1220
12211
12213
12215
12216
12217
12218
12219
1221
12220
12221
12226
12234
12235
12238
12248
12250
12252
12255
12258
12260
12262
12266
12267
12268
12269
12270
12272
12274
12276
12277
12279
12280
12281
12282
12283
12284
12287
12289
12291
12292
12299
12302
12304
12305
12307
12310
12314
12317
12321
12323
12331
12333
12334
12336
12337
12338
1233
12340
12341
12342
12343
12344
12345
12346
12347
12348
12349
12350
12364
12365
12366
12367
12369
12370
12375
12376
1237
12380
12383
12389
12390
12393
12394
12396
12397
12398
123
12400
12401
12405
12407
12409
12411
12412
12413
12414
12415
12416
12417
12419
12420
12423
12425
12426
12427
12429
1242
12431
12432
12434
12435
12436
12437
1243
12440
12441
12445
12449
12451
12452
12454
12455
12456
12457
12458
12462
12464
12466
12468
12469
12470
12493
12494
12496
12498
124
12501
12503
12504
12505
12507
12509
12512
12515
12516
12519
12520
12521
12523
12524
12525
12528
12529
12530
12531
12532
12533
12534
12535
12536
1253
12541
12542
12544
12545
1254
1255
12562
12563
12565
12566
1256
12570
12579
1257
12583
12586
12587
12592
12598
1259
125
12602
12603
12606
12608
1260
12610
12611
12612
12613
12619
12620
12621
12622
12623
12624
12625
12626
12627
12628
12629
1262
12630
12631
12632
12636
12638
12639
1263
12640
12642
12648
12649
1264
12657
1265
12669
12670
12671
12672
12673
12677
12681
12682
12684
12685
12692
12693
12694
12695
12698
12699
126
12700
12701
12702
12707
1270
12711
12713
12714
12716
12717
12718
12719
12721
12722
12727
12729
12731
12733
12734
12738
12739
12741
12745
12751
12752
12753
12754
12755
12756
12758
12759
12760
12762
12763
12764
12767
12769
12770
12771
12773
12774
12775
12776
12777
12779
12780
12781
12782
12783
12784
12785
12786
12787
12788
12789
12795
12797
1279
12800
12801
12802
12807
12810
12827
12830
12832
12834
12837
12838
12842
12843
12844
12847
12851
12852
12853
12854
12855
12856
12857
12858
12859
12860
12861
12862
12865
12866
12867
12868
12875
12877
12882
12884
12885
12888
12889
12890
12891
12893
12896
12897
12900
12903
12904
12906
12909
12910
12911
12912
12914
12915
12916
12917
12921
12922
12923
12924
12925
12926
12928
12929
12934
12936
12937
12941
12943
12944
12948
12954
12963
12966
12967
12968
12972
12973
12974
12976
12978
12979
12980
12981
12982
12983
12985
12987
12990
12991
12993
12998
1299
12
13005
13006
13012
13015
13017
13020
13021
13022
13023
13026
13027
13029
13031
13032
13033
13037
13038
13039
13040
13041
13042
13043
13044
13047
13048
13049
13051
13053
13055
13056
13057
13058
13059
13065
13068
1306
13077
1307
13085
13092
13094
13097
13098
13100
13101
13102
13109
13116
13118
1311
13120
13121
13122
13123
13126
13129
13130
13131
13133
13135
13136
13137
13138
13139
13140
13141
13142
13143
13147
13148
13149
13154
13155
13159
13160
13164
13181
13182
13184
13186
13188
13189
13191
13192
13195
13198
13199
1319
131
13202
13205
13206
13207
13208
13209
13210
13213
13216
13219
13222
13233
13235
13236
13239
13242
13244
13245
13248
13250
13252
13253
13255
13256
13257
13258
13259
13260
13261
13262
13263
13264
13269
13272
13275
13278
13281
13282
13283
13285
1328
13290
13292
13295
13296
13298
13299
1329
132
13300
13304
13305
13307
13308
13309
1330
13310
13311
1331
13321
13323
13327
1332
13330
13332
13333
13334
13335
13336
13338
13339
1333
13344
13345
13348
13350
13351
13352
13353
13354
13356
13357
13359
13362
13363
13364
13366
13372
13375
13376
13377
13378
13379
13385
13389
13390
13391
13392
13393
13394
13398
13399
13401
13404
13407
13408
13409
13411
13414
13417
13418
13419
13420
13423
13424
13425
13426
13427
13428
13429
13430
13431
13432
13435
13446
13448
13455
13460
13461
13462
13465
13466
13468
13482
13483
13484
13485
13486
13489
13492
134
13501
13505
13507
13511
13513
13517
13518
13519
13521
13532
13540
13544
1354
13554
13555
13563
13566
13568
13570
13571
13573
13575
13577
13578
13579
13580
13581
13582
13583
13584
13585
13587
13589
13592
13593
13594
13596
1359
13600
13604
13606
13608
13609
1360
13610
13613
13614
13615
13616
13618
1361
13627
13629
13631
13632
13634
13635
13636
13638
13640
13642
13645
13646
13649
13650
13652
13655
13657
13659
13660
13661
13662
13666
13667
13669
1366
13670
13671
13672
13673
13676
13677
13679
1367
13680
13681
13682
13683
13684
13685
13686
13687
13688
1368
13690
13691
13693
13700
13707
13708
13709
1370
13717
1371
13722
13723
13725
13727
13728
13729
13730
13731
13732
13733
13734
13735
13737
13738
13741
13742
13743
13744
13746
13748
13749
1374
13750
13753
13754
13758
13759
1375
13765
13766
13767
13770
13771
13772
13775
13776
13777
1377
13780
13781
13783
13786
13787
13788
13789
13790
13791
13792
13793
13794
13795
13796
13797
13798
13799
13800
13804
13806
13811
13816
13817
13819
13823
13824
13828
13829
13830
13831
13832
13833
13836
13837
13838
13839
13841
13842
13843
13844
13845
13847
13849
13850
13851
13852
13855
13857
13859
1385
13862
13863
13864
13865
13866
13867
13869
13875
13884
13886
13887
1388
13891
13896
13897
13898
13899
13900
13905
13906
13912
13915
13917
13918
1391
13920
13921
13925
13927
13929
13931
13934
13935
13936
13937
13939
13940
13942
13943
13944
13945
13946
13948
13949
13957
13958
13959
13960
13962
13963
13968
13971
13972
13973
13979
13981
13982
13983
13985
13987
13988
13989
13991
13992
13993
13994
13995
13996
13997
13998
13999
14000
14001
14006
14009
14010
14011
14012
14016
14019
14023
14024
14030
14034
14035
14036
14039
14040
14041
14043
14044
14045
14047
14050
14052
14053
14055
14058
14059
14066
14067
14068
14070
14073
14078
14080
14083
14084
14085
14086
14088
14090
14091
14092
14093
14094
14095
14097
14098
14099
14104
14116
14118
14121
14131
14132
14133
14135
14136
14139
14140
14141
14142
14144
14145
14146
14147
14148
14149
14150
14152
14153
14154
14156
14157
14158
14160
14161
14162
14163
14164
14165
14166
14169
14171
14172
14176
1418
14190
14191
14194
14196
14197
14199
1419
14201
14202
14204
14205
14208
14209
14210
14211
14212
14213
14214
14216
14217
14218
14219
14221
14223
14229
14232
14233
14236
14237
14238
14240
14241
14243
14247
14250
14251
14252
14253
14254
14256
14257
14261
14263
14265
14269
14272
14273
14277
14278
14281
14284
14285
14286
14288
14293
14294
14297
14298
14299
14300
14307
14310
14311
14314
14315
14317
14319
14320
14321
14322
14323
14328
14330
14333
14336
14340
14342
14343
14345
14351
14352
14355
14356
14357
14360
14361
14362
14368
14369
14374
14375
14376
14377
14379
1437
14385
14391
14392
14394
14396
14397
14398
1439
14400
14404
14405
14408
14410
14412
14413
14416
14419
14421
14422
14423
14426
14427
14430
14431
14435
14436
14438
14440
14443
14444
14445
14446
14449
1444
14458
14460
14462
14463
14469
14473
14474
14475
14476
14477
14478
14482
14487
14491
14494
14498
14499
1449
14501
14502
14503
14504
14505
14506
14507
14509
1450
14510
14512
14513
14516
14518
1451
14521
14522
14524
14525
14527
14529
1452
14531
14533
14536
14537
14538
14539
1453
14542
14543
14544
14546
14547
14548
14549
1454
14550
14552
14554
14555
14556
14559
14563
1456
14574
14576
14579
14583
14586
14589
1458
14592
14593
14595
14598
14600
14601
14603
14606
14607
14608
14609
14610
14613
14619
14620
14622
14627
14632
14634
14635
14637
14638
14639
14640
14646
14649
14650
14652
14654
14655
14665
14668
14671
14673
14674
14675
14679
14680
14682
14683
14686
14687
14688
14690
14691
14692
14693
14694
14695
14696
14697
14698
14699
14702
14703
14704
14708
14709
14711
14712
14713
14714
14716
14717
14719
14720
14721
14722
14725
14726
14729
14730
14731
14732
14733
14734
14740
14741
14748
14749
14750
14751
14756
14758
14759
14769
14770
14773
14778
14779
14781
14783
14785
14789
14791
14792
14793
14794
14795
14796
14797
14798
14799
14800
14801
14803
14805
14806
14809
14810
14814
14819
1481
14820
14821
14824
14826
14830
14832
14833
14836
14837
14839
14841
14843
14844
14848
14849
14850
14853
14855
14857
14858
14859
14860
14861
14862
14863
14864
14865
14866
14867
14868
14869
14870
14871
14873
14875
14876
14877
14878
14879
14881
14882
14883
14884
14885
14886
14889
14890
14892
14893
14896
14901
14903
14907
14910
14912
14934
14937
1493
14940
14945
14948
1494
14950
14951
14953
14955
14956
14957
14959
14960
14963
14965
14969
14972
14976
14982
14983
14984
14985
14986
14987
14989
14990
14991
14992
14996
14
15001
15005
1501
1502
1505
1506
1525
1528
1529
1548
1553
1559
1560
1567
1569
1582
1584
1585
1599
1603
1624
1630
163
1640
1642
1643
1648
1650
165
1670
1672
1673
1674
1676
1682
1688
1691
1694
1701
1702
1708
1710
1711
1713
1714
1716
1717
1718
1719
171
1720
1724
1725
1746
1748
1752
1756
1763
1764
176
1773
178
1793
179
1803
1804
180
1811
181
1829
1831
1833
1837
1838
1840
1842
1846
1847
1848
185
1863
1866
1867
1870
1871
1881
1882
1883
1888
1900
1901
1904
1906
191
1926
1929
1932
1933
1934
1935
1939
193
1941
1944
1949
194
1950
1951
1952
1953
1955
1956
195
1972
1979
1980
1987
1992
1994
1995
199
2000
2002
2005
2019
201
2022
2026
202
2030
2037
2039
203
2041
2042
2046
2048
2049
2050
2063
2066
2070
2075
2077
2078
2087
208
2099
2103
2106
2107
2112
2116
211
2122
2128
2130
213
2151
2162
2163
2165
2167
2168
2169
2173
2175
2187
2188
2189
2190
2193
2196
2197
2200
2201
2202
2204
2205
2206
2219
2229
2253
2254
2262
2271
2276
2277
2281
2286
2294
2295
2296
2297
2298
2299
2302
2322
2330
2331
2335
2338
2344
2352
2354
2355
2357
2359
2361
2362
2367
2369
2370
2371
2373
2374
2375
2377
2405
2406
2407
2411
2412
2416
2417
2421
2423
2424
2427
2432
2434
2435
2436
2438
244
2456
245
2460
246
2473
2476
2480
2485
2489
2491
2492
2493
2494
249
24
2500
2528
2529
2530
254
2556
2562
2564
2565
2566
2567
2577
257
2587
2592
2596
2598
260
2612
2615
2616
2618
261
2620
2621
2624
2626
2632
2633
2636
2638
2640
2642
2644
2648
2669
2679
267
2683
2687
268
2691
2695
2702
2704
2705
2707
2709
2711
2712
2713
2718
273
2746
274
2755
275
2760
2763
2765
2767
2768
276
277
278
2795
2797
2798
2803
2811
2815
2819
2820
2822
2823
2824
2828
2852
2854
2860
2861
2862
2869
286
2870
2871
2872
2873
2874
2875
2878
2893
2894
2897
28
2900
2901
2903
2909
2911
2913
2916
2921
2922
2925
2926
2929
2931
2959
2970
2976
2980
2986
2987
3001
3004
3009
3012
3014
3015
3019
3025
3026
3027
3030
3031
3033
3034
3037
3055
3056
3061
3062
3066
3068
3069
3071
3077
3079
3080
3083
3085
3087
3094
3099
3101
3105
3107
3110
3113
3114
3116
3117
3119
311
3120
3121
3123
3124
3126
3127
3128
3129
3130
3135
3140
3161
3169
3170
3177
3178
3191
3192
3196
3197
3199
3221
3223
3224
323
3246
3251
3270
3278
3281
3291
3293
3295
3297
3298
3299
32
3300
3302
3304
3306
330
3311
331
3326
3328
3329
332
3336
3337
3347
334
3351
3359
3360
3361
3363
3365
3366
3371
3396
33
3402
3405
3411
3415
3416
341
3420
3438
3439
3443
3452
3455
3458
3464
3467
3470
3472
3473
3474
3475
3479
3480
3481
3482
3483
348
3507
3509
3516
3525
3529
3530
3533
3539
3541
3548
3549
3551
3553
3555
3556
3557
355
3561
3564
3583
3584
3587
3588
358
3594
3597
3598
3599
3607
3612
3614
3615
3616
364
3664
3669
3671
3673
3674
3676
3677
3680
3689
3691
3692
3693
3694
3709
3710
3711
3714
3715
371
3722
3727
372
3731
3734
3740
3749
3755
3759
3764
3769
376
3774
3776
3777
3781
3784
3788
3789
37
3815
3820
3821
3823
3828
3829
3831
3832
3835
3841
3846
3848
384
3852
3854
3858
3865
3868
3869
3870
3872
3873
3875
3876
3877
3878
38
3905
3908
390
3916
3919
3920
3923
3927
3928
392
3935
3941
3943
394
3953
3954
3955
3956
3957
3959
3983
3991
3996
3998
3
4000
4007
400
4014
4021
4026
4027
4028
402
4030
4032
4033
4034
4035
4036
4037
4039
4051
4054
405
4066
4071
4072
4081
4082
4084
4085
4086
4092
4096
409
4100
4102
4104
4105
4107
4110
4111
4112
4116
4118
4119
4120
4121
4126
412
4130
4136
4137
4146
4149
4152
4154
4157
4160
4161
4162
4171
4172
417
4181
4188
4190
4191
4195
4197
4199
41
4201
4202
4203
4205
4249
424
4261
4270
4273
4278
4283
4284
4285
4286
4289
4290
4294
42
4316
4321
4330
4335
4341
4351
4353
4354
4360
4362
4367
4389
438
4393
4394
4400
4402
4407
4408
4430
4432
4433
4435
4439
4442
4452
4461
4462
4464
4466
4467
4482
4503
4504
4505
4508
4510
4512
4514
4516
4518
4525
4540
4542
4544
4546
4550
4552
456
4580
4586
458
4591
4592
4593
4598
45
4607
460
4610
4611
4613
4623
4638
4640
4648
4659
4661
4664
466
4671
4675
468
4694
4697
4700
4708
4711
4714
4717
471
4720
4721
4731
474
4759
475
4760
4765
4766
4768
4770
4771
4779
4781
4786
4787
4792
4793
4795
4799
4800
482
4843
4845
4848
4852
4853
4857
4860
4861
4866
486
4870
4874
4877
4878
4879
4904
4905
4907
4908
490
4911
4912
4913
4914
491
4931
4935
4938
4940
4941
4942
4943
4945
494
496
4981
4982
4983
4986
4989
498
4997
5000
5004
5005
500
5016
5019
501
5021
5023
5025
5027
5028
503
5040
5042
5046
5049
505
5061
5068
5069
5091
5093
5099
5100
5101
5119
5120
5121
5122
5123
5126
5128
512
5148
5154
5160
5161
5167
5168
5169
5171
5172
5173
5174
5190
5199
5201
5202
5203
5205
5209
5213
5214
5220
5221
5222
5225
524
5255
5257
5265
5269
5272
5274
5275
5289
5292
5294
5298
5300
5302
5306
5313
5314
5315
5316
5317
5320
5321
5323
5324
5326
5327
5329
5332
5333
5344
5354
5362
5363
5364
5371
5407
5408
5414
5415
5433
5436
5438
5439
5442
5445
5449
5455
5456
5457
5459
5467
5470
5475
5476
5477
5484
5488
5489
5494
549
54
5503
550
5520
5535
5536
5539
553
5541
5548
5556
555
5563
5578
557
5585
5586
5588
5595
559
5600
5602
5603
5604
5610
5615
5621
5629
562
5639
5645
5646
5649
5650
5658
565
5662
5664
5672
5673
5678
567
5681
5684
5690
5691
569
5700
5705
5707
5708
5709
570
5710
5717
5718
5719
5724
5732
5741
5744
5745
5746
5749
5752
5754
5773
5775
5776
5782
5783
5784
5790
5799
5801
5806
5809
5812
5816
5818
5822
5825
5827
5828
5829
5830
5865
5868
5869
5870
5871
5873
5876
5885
5886
5889
5891
5894
5895
5897
5903
5906
594
5950
5952
5960
5961
5965
5970
5973
5975
5976
5978
5979
5980
5981
5982
599
59
6002
6005
6018
601
6023
6024
6025
6029
6031
6032
6034
6035
6045
6048
6049
6050
6051
6053
6054
6055
6056
6057
6059
6062
6063
606
6071
6077
608
609
60
6104
6114
6115
6119
6120
6121
6122
6126
6134
6139
613
6140
6141
6142
6143
6144
6146
615
6160
616
617
6187
6188
6197
6198
6199
619
6204
6206
6222
6229
622
6238
6240
6250
6252
6254
625
6260
6261
6272
6275
6280
6281
6287
6289
6292
629
6306
6310
6318
6322
6324
6326
6328
6329
6341
6343
6345
6348
6376
637
6381
6384
6386
6387
6389
6391
6395
63
6404
6408
6413
6421
6430
643
6443
644
6456
6459
645
6469
646
647
6485
6488
6494
6499
64
6501
6509
650
6515
6520
6522
6529
6532
6534
6535
6536
6537
6538
6545
6548
655
6573
6574
6581
6582
6583
6601
6609
6612
6615
6618
6623
6629
6631
6636
6638
6639
6641
6645
6646
6651
6652
6656
6658
6659
6660
6661
6663
6666
6668
6673
6674
6677
6685
6703
6706
6708
6710
6722
6723
6727
6728
6731
6732
6733
6734
6736
6742
6758
6767
6773
6774
6775
6778
6782
6783
6786
6802
6807
6815
6816
6820
6822
6823
6825
6830
6831
6833
6845
6851
6856
6861
6867
6872
6873
6876
6877
6897
6902
6907
6914
6916
691
6939
6948
6956
695
6961
6962
6963
6967
6969
6974
698
6998
7001
7004
7019
701
7020
7023
7025
7028
7029
703
7045
7047
7050
7062
7067
7068
7070
7076
7095
7096
70
7102
7111
7115
7120
7122
7125
7127
7129
712
7131
7133
7137
7142
716
7174
7175
7177
7178
717
7180
7192
7193
7194
719
7207
7209
7214
7217
7218
7219
7223
7230
7237
7238
723
7240
7242
7244
7245
7246
7251
725
7288
7290
7294
7298
7300
7302
7307
7308
7337
7338
733
7344
7345
7348
7361
7364
7365
7368
7370
7371
7372
7387
738
7400
7408
7417
7425
7426
743
7440
7442
7451
7453
7463
7465
7474
7480
7485
7487
7500
7502
7506
7511
7513
7523
7532
753
7541
7544
7549
7550
7552
7553
7554
7555
7570
7575
7584
7585
7586
7588
7590
7593
759
7603
7604
7609
7613
7618
7621
7623
7625
7627
7628
7629
762
7632
7636
763
7678
7682
7683
7684
7693
7695
7697
769
7704
7706
7709
7711
7712
7713
7717
7737
7738
7745
7753
7761
7771
7772
7773
7774
7790
7791
7793
779
7806
7807
780
7823
7826
7827
7828
7829
7830
7831
7841
7844
7849
7853
7859
7865
7891
7893
7900
7901
7906
7911
7913
7914
7915
7920
7933
7935
7942
7947
7948
7958
7961
7963
7976
7985
7987
7990
7991
7992
7994
7995
79
8008
8013
8015
8017
8018
8024
8027
8037
8043
8045
8046
8067
8072
8073
8078
8079
8084
8086
8090
8095
8096
8099
8114
8129
8131
8132
8143
8148
8150
8151
8155
8156
8166
8168
8169
816
8170
8171
8176
8177
8178
8182
8183
8186
8192
8193
8195
8197
8198
8200
8202
8203
8206
8207
8208
8209
8212
8213
8216
8219
821
8224
822
8231
8233
8234
8238
823
8240
8245
8246
8247
8248
8250
8252
8256
8259
8260
8261
8263
8264
8265
8267
8269
8270
8271
8272
8275
8280
8282
8284
8286
8287
8292
8293
8295
8296
8299
8301
8302
8303
8304
8308
8309
8310
8315
8316
8318
8319
8320
8322
8323
8326
8328
8329
8330
8334
8335
8338
8340
8343
8346
8347
8356
8357
835
8363
8364
8365
8372
8377
837
8380
8381
8382
8384
8386
8387
8388
838
8395
8397
8400
8406
840
8410
8411
8412
8415
8416
8417
841
8421
8424
8425
8427
8429
8430
8434
8437
8438
8439
843
8443
8447
8448
8450
8451
8455
8456
8458
8459
8462
8464
8465
8469
846
8470
8472
8473
8475
8476
8477
8478
8479
8481
8482
8483
8485
8486
8487
8489
8490
8491
8493
8496
8497
8498
8499
8502
8504
8505
8507
8509
8514
8515
8516
8520
8525
8535
8537
8543
8546
8547
8548
8549
8553
8554
8555
8557
8560
8562
8563
8564
8565
8567
8569
8571
8572
8573
8574
8583
8587
8590
8593
8595
8596
8602
8603
8604
8605
8606
8611
8613
8614
8615
8616
8618
8621
8623
8626
8635
8636
8638
8640
8642
8643
8644
8647
8648
8649
8650
8655
8661
8663
8665
8666
8668
8670
8673
8674
8682
8684
8686
868
8690
8692
8694
8696
8700
8702
8703
8704
8706
8707
8708
8709
8711
8712
8713
8714
8715
8718
8719
871
8720
8721
8722
8725
8726
8727
8729
8732
8738
8741
8743
8744
8745
8746
8748
8750
8753
8758
8761
8762
8764
8765
8767
8769
876
8773
8775
8778
8779
8782
8784
8785
8786
8791
8794
8797
8801
8802
8803
8804
8806
8809
880
8811
8812
8814
8815
8816
8817
8818
8819
881
8820
8821
8822
8823
8824
8825
8826
8830
8831
8832
8833
8834
8835
8837
8838
883
8841
8846
8849
8852
8853
8857
8860
8863
8869
886
8870
8871
8872
8873
8874
8877
8882
8883
8884
8896
8898
8899
8905
8906
8907
8909
8910
8911
8912
8913
8915
8919
891
8920
8922
8924
8925
8927
8928
8929
8931
8933
8934
8935
8936
8937
8938
8941
8944
8950
8952
8957
8967
8968
8969
8971
8973
8974
8978
8980
8983
8986
8987
8988
8991
8993
8996
8997
8998
8999
9000
9001
9002
9003
9007
9008
9009
9010
9011
9012
9013
9014
9015
9016
9017
9018
9021
9022
9028
9029
9030
9031
9032
9033
9034
9035
9039
9041
9042
9043
9044
9045
9052
9053
9056
9062
9064
9065
9066
9067
9068
9069
9070
9072
9073
9074
9075
9076
9078
907
9081
9082
9084
9086
9088
9089
908
9090
9092
9093
9094
9095
9097
9099
9103
9104
9105
9106
9107
9108
910
9111
9112
9113
9115
9116
9118
9119
9124
9129
9131
9133
9135
9138
913
9140
9141
9142
9143
9145
9146
9148
9152
9153
9154
9155
9156
9158
9159
915
9160
9161
9162
9165
9177
9178
9186
9187
9189
9190
9191
9193
9195
9196
9199
919
9200
9201
9203
9204
9206
9209
9212
9213
9215
9218
9219
9221
9223
9224
9225
9226
9227
9228
9230
9231
9233
9235
9236
9237
9239
9240
9241
9243
9244
9245
924
9250
9251
9254
9256
9258
9261
9262
9268
9276
9280
9287
9289
9290
9291
9292
9293
9295
9297
930
9311
9312
9318
931
9321
9323
9324
9325
9328
9329
932
9332
9333
9334
9338
9339
9340
9341
9342
9343
9344
9345
9346
9350
9351
9352
9354
9356
9357
9361
9363
9374
9376
9377
9378
937
9380
9381
9382
9388
9389
938
9390
9391
9393
9395
9397
9400
9407
9408
9410
9411
9412
9413
9414
9415
9416
9418
9419
9422
9423
9424
9426
9428
9429
9432
9433
9437
943
9441
9442
9445
9446
9447
944
9452
945
9461
9462
9465
9466
9470
9472
9473
9474
9476
9479
9480
9481
9482
9484
9485
9486
9487
9489
948
9490
9491
9494
949
9500
9501
9508
950
9512
9513
9518
9520
9522
9525
9526
9528
9529
9530
9531
9534
9535
9536
9538
9543
954
9552
9555
9560
9561
9562
9563
9565
9566
9569
9570
9571
9572
9573
9574
9576
9577
9578
9579
9580
9582
9583
9585
9586
9588
9590
9591
9593
9595
9597
9599
95
9600
9601
9602
9613
9614
9616
9617
9618
9622
9623
9624
9626
9628
9630
9631
9635
9636
9637
9638
9640
9644
9648
9651
9652
9653
9655
9656
9657
9665
9666
9670
9676
9680
9681
9682
9685
9687
9689
9690
9694
9696
9697
9698
9702
9703
9704
9705
9706
9707
9708
9710
9711
9712
9714
9717
9721
9729
9730
9731
9735
9739
9741
9744
9746
9749
9750
9757
9758
9759
9761
9763
9764
9766
9768
9769
9770
9771
9773
9774
9780
9781
9783
9785
9789
9794
9805
9806
9813
9815
981
9820
9822
9824
9827
9837
9839
9840
9846
9847
9848
9850
9851
9853
9854
9856
9857
9861
9863
9864
9866
9867
9868
9869
9870
9871
9874
9886
9887
9895
9896
9898
9899
989
9901
9904
9907
9908
9912
9914
9918
9919
9927
9929
992
9930
9934
9935
9936
9937
9938
993
9941
9942
9943
9944
9945
9946
9947
9948
9949
9950
9952
9953
9954
9955
9956
9958
9959
9961
9962
9968
996
9973
9976
9979
9980
9984
9986
9989
998
9990
9991
9992
9994
9995
